0 1 48495.635600
0 2 3686.568900
0 3 26356.337800
0 4 301977.911100
0 5 24062.631100
0 6 75296.195600
0 7 181646.906700
0 8 367863.591100
0 9 0.000000
0 10 3346.186700
0 11 24042.053300
0 12 32789.031100
0 13 192.666700
0 14 2024.355600
0 15 8868.755600
0 16 26844.248900
0 17 15330.035600
0 18 5136.897800
0 19 5910.880000
0 20 50000.240000
0 21 11584.773300
0 22 59.893300
1 0 20844.497800
1 2 2081.288900
1 3 113598.835600
1 4 1755.217800
1 5 15147.484400
1 6 25294.017800
1 7 1179.537800
1 8 6103.662200
1 9 23.608900
1 10 12164.328900
1 11 171945.911100
1 12 76382.186700
1 13 260.524400
1 14 1073.440000
1 15 2689.680000
1 16 33820.355600
1 17 186397.191100
1 18 2453.395600
1 19 15083.653300
1 20 20561.635600
1 21 4181.440000
1 22 92.124400
2 0 29120.373300
2 1 7739.200000
2 3 46949.102200
2 4 6739.200000
2 5 24.915600
2 6 6360.648900
2 7 181.573300
2 8 2861.760000
2 9 0.391100
2 10 276781.991100
2 11 22252.151100
2 12 3380.115600
2 13 52746.115600
2 14 62.577800
2 15 2228.364400
2 16 15922.382200
2 17 242049.306700
2 18 4290.737800
2 19 472.533300
2 20 15338.506700
2 21 1565.600000
2 22 91.271100
3 0 98794.853300
3 1 76607.617800
3 2 10476.044400
3 4 2537.457800
3 5 116.693300
3 6 167596.737800
3 7 2538.071100
3 8 7505.280000
3 9 0.000000
3 10 5570.764400
3 11 27429.706700
3 12 2.240000
3 13 1299.137800
3 14 1224.480000
3 15 6894.488900
3 16 34850.115600
3 17 2475.200000
3 18 28650.168900
3 19 3053.893300
3 20 12225.066700
3 21 8684.320000
3 22 0.462200
4 0 3404.960000
4 1 6865.742200
4 2 166.800000
4 3 11875.235600
4 5 26.897800
4 6 301.155600
4 7 6725.848900
4 8 158808.391100
4 9 0.000000
4 10 2124.808900
4 11 345821.164400
4 12 4132.124400
4 13 112.426700
4 14 1201.271100
4 15 1089.200000
4 16 135493.057800
4 17 931.431100
4 18 1711.333300
4 19 14933.333300
4 20 1340.284400
4 21 4812.320000
4 22 18.088900
5 0 107.831100
5 1 3115.511100
5 2 23.795600
5 3 125.848900
5 4 39.840000
5 6 139.040000
5 7 28.142200
5 8 32.106700
5 9 0.000000
5 10 28.551100
5 11 14474.328900
5 12 130.088900
5 13 0.960000
5 14 0.355600
5 15 19.288900
5 16 2598.080000
5 17 18.080000
5 18 187.253300
5 19 15.324400
5 20 88.640000
5 21 21.697800
5 22 7.004400
6 0 37452.400000
6 1 26700.480000
6 2 1090.835600
6 3 24343.795600
6 4 1492.080000
6 5 416.177800
6 7 1219.022200
6 8 4211.653300
6 9 12.622200
6 10 676.808900
6 11 9400.648900
6 12 7015.386700
6 13 435.146700
6 14 512.320000
6 15 2487.866700
6 16 28395.253300
6 17 1440.791100
6 18 8934.160000
6 19 933.280000
6 20 14939.982200
6 21 4832.364400
6 22 664.497800
7 0 1828.444400
7 1 634.000000
7 2 1.564400
7 3 5650.595600
7 4 1161.128900
7 5 2.346700
7 6 393.137800
7 8 90847.306700
7 9 0.000000
7 10 389.128900
7 11 211492.693300
7 12 1225.324400
7 13 1.253300
7 14 186.364400
7 15 1595.324400
7 16 127492.400000
7 17 165.600000
7 18 11.466700
7 19 2013.413300
7 20 228.942200
7 21 2626.995600
7 22 0.426700
8 0 15640.053300
8 1 5159.520000
8 2 697.608900
8 3 18807.217800
8 4 1224.213300
8 5 1.848900
8 6 2293.564400
8 7 149942.462200
8 9 0.000000
8 10 5614.408900
8 11 347171.280000
8 12 3262.666700
8 13 30.435600
8 14 5566.711100
8 15 1886.106700
8 16 174342.337800
8 17 381.111100
8 18 1287.324400
8 19 2645.057800
8 20 994.595600
8 21 4023.564400
8 22 379.031100
9 0 5409.982200
9 1 59911.226700
9 2 14500.088900
9 3 0.711100
9 4 2353.973300
9 5 68.737800
9 6 28504.782200
9 7 591.902200
9 8 5636.346700
9 10 2857.440000
9 11 33527.697800
9 12 0.000000
9 13 824.986700
9 14 457.991100
9 15 5020.044400
9 16 33266.355600
9 17 7447.040000
9 18 4190.453300
9 19 1669.662200
9 20 25928.275600
9 21 2874.275600
9 22 0.426700
10 0 1300.373300
10 1 107439.928900
10 2 2502.657800
10 3 10130.346700
10 4 1674.675600
10 5 62.480000
10 6 861.342200
10 7 1441.475600
10 8 1511.573300
10 9 0.000000
10 11 480834.488900
10 12 2052.995600
10 13 23.813300
10 14 2267.324400
10 15 791.724400
10 16 180609.653300
10 17 1540.124400
10 18 258.728900
10 19 1489.208900
10 20 1069.111100
10 21 4528.977800
10 22 330.693300
11 0 12780.728900
11 1 79423.840000
11 2 11755.493300
11 3 126674.044400
11 4 9870.657800
11 5 612.328900
11 6 10265.386700
11 7 6672.026700
11 8 15843.555600
11 9 0.000000
11 10 6854.320000
11 12 29120.888900
11 13 306.160000
11 14 1769.502200
11 15 9880.791100
11 16 133158.675600
11 17 3144.391100
11 18 8090.773300
11 19 12137.288900
11 20 32954.906700
11 21 24098.160000
11 22 756.302200
12 0 16916.391100
12 1 127627.751100
12 2 32767.120000
12 3 0.462200
12 4 10590.533300
12 5 526.248900
12 6 38021.973300
12 7 4194.613300
12 8 19467.466700
12 9 0.000000
12 10 12117.520000
12 11 95926.702200
12 13 2580.862200
12 14 4430.951100
12 15 15733.120000
12 16 131660.755600
12 17 12298.320000
12 18 52136.026700
12 19 38383.742200
12 20 42420.417800
12 21 32501.484400
12 22 853.048900
13 0 87.377800
13 1 5842.088900
13 2 86.302200
13 3 2814.791100
13 4 55.635600
13 5 0.844400
13 6 283.146700
13 7 1.120000
13 8 133.742200
13 9 0.000000
13 10 34.293300
13 11 21515.448900
13 12 171.840000
13 14 1.413300
13 15 92.595600
13 16 9723.662200
13 17 1.582200
13 18 5.982200
13 19 0.497800
13 20 198.675600
13 21 19.004400
13 22 38.222200
14 0 1027.973300
14 1 198.320000
14 2 0.480000
14 3 1583.760000
14 4 2166.728900
14 5 0.497800
14 6 258.631100
14 7 7062.266700
14 8 2058.426700
14 9 0.000000
14 10 949.324400
14 11 594.693300
14 12 253.653300
14 13 14.186700
14 15 0.408900
14 16 5130.328900
14 17 79.582200
14 18 1725.137800
14 19 0.000000
14 20 154.000000
14 21 0.000000
14 22 2.168900
15 0 13387.653300
15 1 2366.888900
15 2 485.804400
15 3 11390.017800
15 4 7884.453300
15 5 172.586700
15 6 1064.088900
15 7 8535.502200
15 8 16676.026700
15 9 0.000000
15 10 1094.560000
15 11 4008.453300
15 12 1161.253300
15 13 17.591100
15 14 0.000000
15 16 7359.884400
15 17 80.311100
15 18 3441.466700
15 19 0.000000
15 20 1582.835600
15 21 8.853300
15 22 289.920000
16 0 6748.666700
16 1 47487.280000
16 2 32252.737800
16 3 56387.244400
16 4 295388.026700
16 5 309.324400
16 6 29475.733300
16 7 1696.053300
16 8 6364.862200
16 9 0.000000
16 10 183412.000000
16 11 32811.235600
16 12 16342.337800
16 13 31455.520000
16 14 864.426700
16 15 16471.537800
16 17 1145.600000
16 18 8983.440000
16 19 7838.097800
16 20 17001.413300
16 21 7783.644400
16 22 1295.502200
17 0 694.320000
17 1 53792.364400
17 2 969.511100
17 3 3882.888900
17 4 403.617800
17 5 0.000000
17 6 292.222200
17 7 211.457800
17 8 366.737800
17 9 0.000000
17 10 283.591100
17 11 157563.395600
17 12 423.813300
17 13 0.426700
17 14 10.097800
17 15 143.404400
17 16 58670.924400
17 18 216.560000
17 19 59.840000
17 20 1160.986700
17 21 846.844400
17 22 50.071100
18 0 3904.062200
18 1 3112.417800
18 2 271.155600
18 3 20651.680000
18 4 136.008900
18 5 384.444400
18 6 19683.813300
18 7 1.520000
18 8 594.951100
18 9 0.000000
18 10 126.400000
18 11 17131.991100
18 12 2498.284400
18 13 1.004400
18 14 72.808900
18 15 4852.915600
18 16 29911.911100
18 17 5330.248900
18 19 161.084400
18 20 808.471100
18 21 1064.968900
18 22 359.288900
19 0 337.315600
19 1 5873.155600
19 2 1793.448900
19 3 13828.746700
19 4 1563.626700
19 5 31.760000
19 6 1978.506700
19 7 738.328900
19 8 4128.800000
19 9 0.000000
19 10 1488.702200
19 11 10775.440000
19 12 3333.004400
19 13 12.560000
19 14 0.000000
19 15 1.066700
19 16 9310.888900
19 17 1042.400000
19 18 723.013300
19 20 2748.506700
19 21 0.515600
19 22 29.902200
20 0 20201.822200
20 1 33392.506700
20 2 28065.431100
20 3 28775.644400
20 4 841.946700
20 5 8.062200
20 6 17350.480000
20 7 571.955600
20 8 1468.097800
20 9 38.506700
20 10 2411.733300
20 11 20498.222200
20 12 6288.311100
20 13 132.035600
20 14 2827.013300
20 15 1344.302200
20 16 23088.400000
20 17 2430.213300
20 18 964.293300
20 19 783.822200
20 21 3859.653300
20 22 568.035600
21 0 465.493300
21 1 5513.422200
21 2 1266.453300
21 3 18204.426700
21 4 3343.537800
21 5 5.173300
21 6 2729.493300
21 7 2323.768900
21 8 3961.475600
21 9 0.000000
21 10 4282.968900
21 11 10607.937800
21 12 4485.813300
21 13 160.480000
21 14 0.000000
21 15 4.266700
21 16 6986.506700
21 17 1499.466700
21 18 329.217800
21 19 0.000000
21 20 5885.031100
21 22 1188.728900
22 0 60.791100
22 1 186.648900
22 2 3172.631100
22 3 147.031100
22 4 162.417800
22 5 4.364400
22 6 6447.742200
22 7 0.355600
22 8 1501.324400
22 9 0.000000
22 10 975.768900
22 11 5951.457800
22 12 810.133300
22 13 5.128900
22 14 153.244400
22 15 2027.324400
22 16 2103.795600
22 17 1097.884400
22 18 126.533300
22 19 215.262200
22 20 6432.728900
22 21 1231.902200
