7 2
217
11 13
275
18 1
274
19 5
210
6 9
297
18 21
244
6 14
256
19 4
268
1 19
206
18 22
292
11 2
248
8 1
270
2 1
287
22 12
209
13 5
290
20 21
216
13 19
265
8 15
250
13 22
214
8 14
252
20 2
256
7 6
253
20 4
253
15 3
220
0 15
275
22 16
206
8 22
212
20 17
267
8 10
294
17 14
288
20 3
245
7 16
246
15 21
205
21 1
285
10 5
225
7 20
220
9 7
291
11 22
288
20 11
226
1 21
204
7 4
274
0 10
260
22 0
277
3 19
292
1 20
221
22 17
293
14 1
289
13 12
290
21 7
222
15 2
275
11 16
243
18 20
285
5 10
273
10 0
249
14 18
207
18 16
268
16 18
295
10 14
296
6 17
237
20 6
268
19 8
207
3 13
276
16 10
226
10 20
255
11 9
257
9 20
262
12 14
280
8 0
232
6 18
287
22 20
273
13 1
212
8 12
224
16 7
298
21 22
224
7 13
245
18 11
254
15 11
267
21 14
216
10 16
231
4 12
220
12 21
235
8 18
216
0 12
291
14 19
222
12 22
236
7 0
215
10 21
291
17 8
237
16 2
222
22 6
281
21 9
247
0 14
229
0 5
298
21 11
249
17 21
215
2 4
214
11 18
205
20 12
220
4 11
224
1 8
245
12 9
281
15 5
204
8 21
234
7 21
252
12 8
247
6 19
244
9 4
217
4 19
293
15 6
277
12 0
230
16 22
266
3 10
224
20 1
242
11 21
242
4 21
223
4 0
223
9 10
205
20 15
278
5 19
286
15 1
241
2 14
253
14 4
217
15 10
227
0 11
261
6 22
212
4 3
237
4 18
282
7 9
296
6 12
285
16 19
202
17 5
212
19 0
223
6 8
232
12 4
222
11 15
281
9 14
274
2 19
223
6 1
223
5 20
261
10 22
264
4 7
262
21 12
215
14 20
257
18 17
255
7 15
241
7 8
210
12 11
272
20 22
236
1 16
220
18 5
216
19 3
283
20 5
249
18 19
205
2 10
202
3 16
257
7 14
294
13 9
300
9 1
203
16 0
245
6 0
234
7 5
270
19 11
201
14 7
275
22 15
227
22 11
276
0 2
228
6 20
268
6 5
273
12 5
290
21 15
293
5 17
297
8 13
278
15 14
219
4 16
237
2 15
203
19 9
221
18 4
212
2 18
222
10 4
218
16 1
293
0 16
242
6 11
234
4 6
249
16 17
256
5 8
258
13 6
252
7 11
213
3 8
226
19 14
205
3 18
265
4 5
240
10 8
259
16 12
232
0 20
230
8 17
257
17 11
292
17 2
287
3 17
218
19 21
286
19 15
252
5 14
220
10 1
212
0 7
211
5 9
236
2 5
213
12 1
250
6 16
240
2 12
273
16 9
284
17 9
216
7 19
299
21 4
285
0 17
228
6 4
224
7 3
259
10 17
212
6 7
204
3 20
278
16 14
271
18 13
286
20 19
262
5 11
287
13 4
256
16 15
290
15 12
212
5 12
202
1 18
248
17 16
248
14 16
271
13 3
229
1 3
298
13 0
285
15 7
215
15 8
279
22 13
274
5 21
226
6 2
283
1 7
293
6 13
263
9 8
295
7 12
252
4 10
294
21 18
278
9 2
219
11 0
250
2 6
298
15 22
229
16 20
223
15 20
274
5 22
291
10 3
207
22 18
274
10 12
238
6 21
261
22 4
252
6 10
232
17 4
215
13 17
299
17 6
254
1 13
296
19 10
265
7 1
295
8 3
266
1 0
297
22 7
216
4 20
273
15 9
286
10 13
271
15 18
215
22 8
216
13 18
288
8 4
209
0 21
272
5 15
255
16 4
286
2 7
277
8 11
243
20 18
239
2 21
286
0 9
259
3 0
222
11 19
268
14 3
202
9 12
245
22 2
246
3 9
290
3 7
247
9 0
263
22 9
296
8 7
237
14 17
243
11 1
295
4 14
225
17 18
276
18 12
222
8 6
295
10 19
271
14 6
285
2 3
242
15 17
265
17 13
221
1 22
273
18 0
249
9 15
294
0 22
270
11 4
202
5 16
264
1 11
230
14 22
299
5 7
212
19 16
287
16 11
287
18 8
205
1 17
235
18 2
263
3 12
293
17 20
241
20 10
233
9 6
247
5 1
251
14 12
285
1 5
280
17 12
242
13 11
288
6 15
293
3 14
286
20 13
231
20 9
239
15 19
231
11 6
249
21 16
244
1 14
241
16 3
251
20 0
288
3 21
204
17 3
236
16 21
253
1 9
215
17 0
280
9 5
255
2 9
224
2 16
285
10 2
257
14 2
264
9 19
212
3 5
263
2 22
222
1 4
278
9 22
268
16 13
222
5 3
259
19 12
260
20 14
278
22 10
269
5 0
216
13 10
296
2 8
283
17 10
250
1 6
227
12 6
271
9 13
207
19 18
256
17 19
261
8 20
293
14 15
259
5 18
288
19 22
295
14 0
234
9 21
264
22 1
276
12 19
239
13 7
213
4 22
232
9 16
278
14 10
277
0 8
223
11 7
252
17 22
267
19 2
296
0 6
258
9 17
259
22 3
237
12 3
209
12 13
225
15 16
298
1 2
297
5 6
209
5 4
289
14 5
233
1 10
220
19 1
265
9 11
243
3 11
284
2 11
279
13 2
206
21 19
280
3 6
258
21 0
233
13 20
242
2 20
273
18 14
223
2 13
230
14 8
224
20 8
219
10 7
219
21 5
293
21 8
222
8 2
297
22 21
275
7 18
227
15 4
262
21 2
224
17 1
300
4 1
239
13 8
250
0 4
250
14 13
213
1 15
212
4 15
286
5 13
210
11 8
279
0 18
201
10 15
289
22 5
285
7 10
249
21 13
210
1 12
223
18 3
221
14 21
279
12 7
227
4 8
233
4 9
229
22 14
288
15 0
240
6 3
218
19 13
217
10 9
207
4 2
235
13 16
244
18 15
268
11 17
299
4 13
240
7 22
237
3 4
235
12 15
254
20 7
212
12 18
287
0 13
283
14 9
232
13 14
219
21 6
223
12 2
291
18 10
251
0 3
217
19 7
283
19 6
292
9 18
201
13 21
273
11 20
255
10 18
256
12 17
225
0 19
260
3 1
296
4 17
202
12 16
224
18 7
254
9 3
295
8 19
247
0 1
217
16 6
241
21 3
286
10 11
204
18 9
299
8 9
231
21 10
284
11 5
260
3 15
263
17 15
291
17 7
242
22 19
220
16 8
266
14 11
260
12 10
240
20 16
255
2 0
242
2 17
257
21 17
271
8 16
201
19 20
272
19 17
278
11 3
293
8 5
297
3 2
202
16 5
297
7 17
207
11 12
254
18 6
211
3 22
217
5 2
274
11 14
256
15 13
292
12 20
291
21 20
224
10 6
282
13 15
295
11 10
274
