0 1
17
0 2
28
0 3
17
0 4
50
0 5
98
0 6
58
0 7
11
0 8
23
0 9
59
0 10
60
0 11
61
0 12
91
0 13
83
0 14
29
0 15
75
0 16
42
0 17
28
0 18
1
0 19
60
0 20
30
0 21
72
0 22
70
1 0
97
1 2
97
1 3
98
1 4
78
1 5
80
1 6
27
1 7
93
1 8
45
1 9
15
1 10
20
1 11
30
1 12
23
1 13
96
1 14
41
1 15
12
1 16
20
1 17
35
1 18
48
1 19
6
1 20
21
1 21
4
1 22
73
2 0
42
2 1
87
2 3
42
2 4
14
2 5
13
2 6
98
2 7
77
2 8
83
2 9
24
2 10
2
2 11
79
2 12
73
2 13
30
2 14
53
2 15
3
2 16
85
2 17
57
2 18
22
2 19
23
2 20
73
2 21
86
2 22
22
3 0
22
3 1
96
3 2
2
3 4
35
3 5
63
3 6
58
3 7
47
3 8
26
3 9
90
3 10
24
3 11
84
3 12
93
3 13
76
3 14
86
3 15
63
3 16
57
3 17
18
3 18
65
3 19
92
3 20
78
3 21
4
3 22
17
4 0
23
4 1
39
4 2
35
4 3
37
4 5
40
4 6
49
4 7
62
4 8
33
4 9
29
4 10
94
4 11
24
4 12
20
4 13
40
4 14
25
4 15
86
4 16
37
4 17
2
4 18
82
4 19
93
4 20
73
4 21
23
4 22
32
5 0
16
5 1
51
5 2
74
5 3
59
5 4
89
5 6
9
5 7
12
5 8
58
5 9
36
5 10
73
5 11
87
5 12
2
5 13
10
5 14
20
5 15
55
5 16
64
5 17
97
5 18
88
5 19
86
5 20
61
5 21
26
5 22
91
6 0
34
6 1
23
6 2
83
6 3
18
6 4
24
6 5
73
6 7
4
6 8
32
6 9
97
6 10
32
6 11
34
6 12
85
6 13
63
6 14
56
6 15
93
6 16
40
6 17
37
6 18
87
6 19
44
6 20
68
6 21
61
6 22
12
7 0
15
7 1
95
7 2
17
7 3
59
7 4
74
7 5
70
7 6
53
7 8
10
7 9
96
7 10
49
7 11
13
7 12
52
7 13
45
7 14
94
7 15
41
7 16
46
7 17
7
7 18
27
7 19
99
7 20
20
7 21
52
7 22
37
8 0
32
8 1
70
8 2
97
8 3
66
8 4
9
8 5
97
8 6
95
8 7
37
8 9
31
8 10
94
8 11
43
8 12
24
8 13
78
8 14
52
8 15
50
8 16
1
8 17
57
8 18
16
8 19
47
8 20
93
8 21
34
8 22
12
9 0
63
9 1
3
9 2
19
9 3
95
9 4
17
9 5
55
9 6
47
9 7
91
9 8
95
9 10
5
9 11
43
9 12
45
9 13
7
9 14
74
9 15
94
9 16
78
9 17
59
9 18
1
9 19
12
9 20
62
9 21
64
9 22
68
10 0
49
10 1
12
10 2
57
10 3
7
10 4
18
10 5
25
10 6
82
10 7
19
10 8
59
10 9
7
10 11
4
10 12
38
10 13
71
10 14
96
10 15
89
10 16
31
10 17
12
10 18
56
10 19
71
10 20
55
10 21
91
10 22
64
11 0
50
11 1
95
11 2
48
11 3
93
11 4
2
11 5
60
11 6
49
11 7
52
11 8
79
11 9
57
11 10
74
11 12
54
11 13
75
11 14
56
11 15
81
11 16
43
11 17
99
11 18
5
11 19
68
11 20
55
11 21
42
11 22
88
12 0
30
12 1
50
12 2
91
12 3
9
12 4
22
12 5
90
12 6
71
12 7
27
12 8
47
12 9
81
12 10
40
12 11
72
12 13
25
12 14
80
12 15
54
12 16
24
12 17
25
12 18
87
12 19
39
12 20
91
12 21
35
12 22
36
13 0
85
13 1
12
13 2
6
13 3
29
13 4
56
13 5
90
13 6
52
13 7
13
13 8
50
13 9
100
13 10
96
13 11
88
13 12
90
13 14
19
13 15
95
13 16
44
13 17
99
13 18
88
13 19
65
13 20
42
13 21
73
13 22
14
14 0
34
14 1
89
14 2
64
14 3
2
14 4
17
14 5
33
14 6
85
14 7
75
14 8
24
14 9
32
14 10
77
14 11
60
14 12
85
14 13
13
14 15
59
14 16
71
14 17
43
14 18
7
14 19
22
14 20
57
14 21
79
14 22
99
15 0
40
15 1
41
15 2
75
15 3
20
15 4
62
15 5
4
15 6
77
15 7
15
15 8
79
15 9
86
15 10
27
15 11
67
15 12
12
15 13
92
15 14
19
15 16
98
15 17
65
15 18
15
15 19
31
15 20
74
15 21
5
15 22
29
16 0
45
16 1
93
16 2
22
16 3
51
16 4
86
16 5
97
16 6
41
16 7
98
16 8
66
16 9
84
16 10
26
16 11
87
16 12
32
16 13
22
16 14
71
16 15
90
16 17
56
16 18
95
16 19
2
16 20
23
16 21
53
16 22
66
17 0
80
17 1
100
17 2
87
17 3
36
17 4
15
17 5
12
17 6
54
17 7
42
17 8
37
17 9
16
17 10
50
17 11
92
17 12
42
17 13
21
17 14
88
17 15
91
17 16
48
17 18
76
17 19
61
17 20
41
17 21
15
17 22
67
18 0
49
18 1
74
18 2
63
18 3
21
18 4
12
18 5
16
18 6
11
18 7
54
18 8
5
18 9
99
18 10
51
18 11
54
18 12
22
18 13
86
18 14
23
18 15
68
18 16
68
18 17
55
18 19
5
18 20
85
18 21
44
18 22
92
19 0
23
19 1
65
19 2
96
19 3
83
19 4
68
19 5
10
19 6
92
19 7
83
19 8
7
19 9
21
19 10
65
19 11
1
19 12
60
19 13
17
19 14
5
19 15
52
19 16
87
19 17
78
19 18
56
19 20
72
19 21
86
19 22
95
20 0
88
20 1
42
20 2
56
20 3
45
20 4
53
20 5
49
20 6
68
20 7
12
20 8
19
20 9
39
20 10
33
20 11
26
20 12
20
20 13
31
20 14
78
20 15
78
20 16
55
20 17
67
20 18
39
20 19
62
20 21
16
20 22
36
21 0
33
21 1
85
21 2
24
21 3
86
21 4
85
21 5
93
21 6
23
21 7
22
21 8
22
21 9
47
21 10
84
21 11
49
21 12
15
21 13
10
21 14
16
21 15
93
21 16
44
21 17
71
21 18
78
21 19
80
21 20
24
21 22
24
22 0
77
22 1
76
22 2
46
22 3
37
22 4
52
22 5
85
22 6
81
22 7
16
22 8
16
22 9
96
22 10
69
22 11
76
22 12
9
22 13
74
22 14
88
22 15
27
22 16
6
22 17
93
22 18
74
22 19
20
22 20
73
22 21
75
